20 20
82 55 57 28 78 40 31 41  82 19 16 43 83 35 87  84 72 66 92 91
46 11 89 20 46 88 12 75  43 52 46 64  6 71 84  34 24 53 46 71
66 45 66 67 37  1 88 16  83 94 19 89 11 14 13  84 98 60 73 49
49 25 90 23 43 26  9 86  99 26 67 81 17 93 76  13 99 52 97  2
69 77 18 85 99 96 92 54  67 30 41 78 85 83  2  53 24 18 11 42
29 21 97  4  2 39 98 88 100 71 81 27 69 53  8  60 47 46 67 49
50 79  9 94 10 70 32 42  50 23 21 99 43 40 99  56 26 45 37 33
 7 63 71 79 22 29 59 72  41 36 60 65 12 35 46  13 62 61 81 67
11 73 62 14 44 57 59 93  95 79 81 54 43 24 61  63 27 30 28 14
97 72 54  5 33 69  1 44  68 27 37 37 55 64 21  50 30 37 51 98
56 57 84 86 85 25 28 48  25 98 96 41 76 84 88  94 33 17 39 84
30 40 79 53 35 61  3 22   4 18 97 83 49 14 76  59 38 84 85 95
96 28 70  4 80 50 30 58  35  7 50 46 85 76 29  51 21 61 11 67
71 92 40 53 35 49 50 58  59  2 89 87 80 29 56  35 16 20 54 33
13 65 12 43 11  7 29 11  30 51 69 86 75 64 44 100 87 58 89 58
76 31 50 99  9 46 14 35  17 88 72 66 40 76 21  98 37 54 79 14
32 55 45 87 46 89  4 62  18 77 82 23 26 29 74  48 55  9 34 78
55 35 61 94 81 48  4 65  67 75 71 81 69  7 51  98 20 90 95 14
47 35 42 24 98 55 25 13  55  3 18 76 13 65 44  20 21  3 13  1
30 42 75 81 44 70 26 13  87 10 65 40 79 13 31  70 68 99 78 16

20 20
73  7 96  87 18 25 83 48 17 15 84 47 70 49 33  32 74  11  24 29
33 51 28  68 27  1 98 89 48 63 44 61 10 84 81  68 39  34  71 90
85 49 35  80 66 16 56 94  6  1 61 13 97 77 89  19 79  18  83 45
16 30 52  24  3 61 64 65 43 68 57 76 52 42 73  54 61  76  24  5
40 45 80   2 64 60 99 38  1 74 68 51 32 84 11  50 80  97  47 87
31 80 75 100  1 61 87 13  1 91 79 10 41 99 12  95 46  87  87 32
 8 31 78  65 73  5 12 19 67 23 32 36 53 28 50  27 88  73  63 22
12 37 24   8 13 58  3 31 21 23 67 92 16 59 38  33 41  17  13 48
 5 31 88  71 22 10 46 91  5 12  7 90 95 81 70  73 87 100  97 43
82  4 32   1 19 58 34 47 77 25 31 10 27 41 40  50 59   2  27 31
29 73 68  85 10 43  9 68 71  4 40 83 25 88 81  19 79  51   6 53
47  6 11  44 34 22 49  7 82 14 34 79 49 91 52  75 41  28  25 84
98 79 14  47  7 53 71  7 26 61  8 63 95 83 49  93 61  63 100 40
48 89 32   6 43 66  6 40 99 33 99 61 52 41 56  88 11  86  28 82
85 91 91  61 14 77 66 42 71 32 80 33  7 24 20  44 70  98   8 18
32 77 93  65 88 89  4 70 93 94 84 37 53 66 40 100  5  84   1 98
63 51 84   6 84 96  1 73 84 89 87 14 85 54 13  13 90  96  65 95
21 46 71  20  2 62 69 59 12 38 55  9 23 74  9   8 68  33  58 49
99 15 54  31 11 51 76 80 49  8 54 70 10 86 30  44 25  93  57 11
27 58 18  87 61 31 75 65 52  7 29 63 83 52 22  79 27  10  23 11

