66862 58200 60339 46321 46409 50854 47776 40967 60392 42566 63776 55934 49728 55641 47123 
95249 103777 96926 79357 86757 76274 87576 76516 92812 74206 97413 89739 84448 89845 78279 
88272 88537 76091 73192 73997 68308 79666 57520 79300 72011 92779 82069 74709 80589 68407 
93333 77077 82893 74666 78512 80952 80232 66971 92234 71062 90616 86124 73500 75742 82791 
99418 101792 99669 82480 95412 86602 85534 84502 109113 80694 101127 107012 95969 94975 94613 
85391 87140 79232 72649 74759 71018 71315 65521 81355 65108 83135 83076 75103 85595 68857 
91240 73405 76115 66824 72220 55827 56213 60772 73287 66304 69207 75701 65070 63614 67344 
93011 82101 85197 71776 79446 62886 75805 65605 83290 69487 88280 84796 64139 85678 70861 
92607 86642 82523 68783 84649 73439 80433 67262 86051 74747 89266 85957 82155 91485 75045 
107369 100152 98236 81611 88054 78538 84921 84806 101646 84019 87897 96538 87631 84706 86791 
91347 86399 82348 72824 77456 63387 72709 68147 85982 74332 80714 82185 74045 71370 73219 
76066 62093 76105 53820 60812 55255 58538 51553 67805 53576 59044 60745 58647 61109 54587 
80978 83390 81453 58905 75069 68386 68157 63129 83021 64667 74007 83592 60119 78477 66469 
98184 89595 85925 75398 70454 67709 69817 61932 88396 69320 91379 78016 69663 77557 77124 
105433 99866 96259 83637 86718 78371 87945 74597 90280 85071 100330 94705 94025 97215 81851 
81292 81218 76109 69389 64550 56947 66247 61288 75927 65855 81521 74915 64808 75838 65358 
104338 94173 96103 79034 84550 74315 81806 79835 93758 77652 101814 93430 69837 88937 83485 
110712 100017 108949 88280 89692 81209 90878 83192 105765 86871 106937 103209 90094 100623 94459 
97678 89476 96032 76638 85635 77459 76815 66598 97865 77903 89701 88046 82958 82780 81501 
97816 89085 95296 70312 87328 71000 74877 77341 86508 72743 88682 92288 76916 83992 79330 
