60031 57667 70241 59097 41861 57335 66170 65037 50863 47036 65495 58757 61397 78116 46175 65042 65878 72567 56451 57399 
47311 48909 53878 49302 30734 47810 50069 50195 42859 32749 58534 46577 45958 64230 39987 52134 53038 53426 40935 45456 
49776 39397 63169 48398 43186 47898 49792 61987 54613 39710 55892 50545 57183 67774 47777 52752 63466 59751 49189 53836 
54419 49293 61518 45641 34150 52238 47966 60821 49987 34274 63262 57068 52071 71807 48233 50334 63199 66816 49624 56143 
44731 53503 61525 55192 37311 48689 59562 50788 48530 50086 60095 61177 57896 75512 51182 68587 62694 68267 54755 58184 
47977 48986 57377 53520 37165 45241 42223 57775 48162 32443 51950 53804 57224 69687 51144 53415 61461 57829 53094 49105 
42732 46148 53492 48862 25643 45310 52593 46976 47042 40511 53520 50876 42536 61634 42273 56651 50698 57848 40442 45272 
43153 43418 50651 45088 31511 43848 47849 55562 46694 32873 52105 51622 44854 63736 45493 46426 55701 54275 43861 44537 
43709 48490 56559 50498 32150 44684 45918 53548 45821 37066 51329 52670 45957 68476 48607 54025 59119 57568 47002 51983 
45697 46433 51242 53313 30696 41082 53741 52381 39283 34307 52518 49283 50972 65467 40986 56115 49128 49720 45470 46819 
62865 63533 66809 58852 43255 62089 61421 66678 63270 47927 69760 63114 60281 77895 57804 69146 67412 69350 47693 60769 
51822 52011 55088 55328 31312 50240 57070 56050 47889 36765 56262 50435 47348 71528 43361 53099 55082 56112 42678 47216 
45570 49338 52649 49343 33048 43803 50944 46024 38017 35638 54583 48103 51936 64565 39981 52808 53410 50949 43968 49708 
46388 47938 54253 55839 28100 41024 54554 50975 44824 36136 51499 58713 47834 69923 49642 55749 57251 57340 46458 48998 
50636 49461 53243 44648 35758 51964 45117 54750 59573 41272 53679 51823 47972 66489 43913 56884 50293 60910 42072 54645 
51367 45627 56575 46179 30316 52876 47195 55053 53974 40377 60068 50771 47561 66354 47552 55775 51981 56369 39176 49799 
45498 49760 53732 48677 29343 50617 50182 52359 46342 41196 56237 47923 43706 62583 42005 53144 53416 54910 38232 44043 
57252 51697 67647 53323 32856 59100 63304 63454 49943 46871 63193 61169 53303 82248 51672 62646 65896 68250 51038 56889 
30610 32263 40256 32273 24223 29673 38151 31852 28126 27906 40342 35106 33416 46353 29407 39227 39362 44911 32029 38677 
48319 50775 62933 52194 31384 50654 55714 59419 41294 44686 54980 50358 54264 74105 46419 53909 61935 67118 55493 50539 
